iter	Accuracy	Logloss
0	0.7496850902	0.680183054
1	0.7904508416	0.6650015026
2	0.7835283035	0.6507085622
3	0.7868417017	0.6369991734
4	0.79094922	0.6245345233
5	0.7866938309	0.6128499281
6	0.7961575533	0.6020182377
7	0.8018314055	0.5905534138
8	0.7979566467	0.5800670442
9	0.8067960262	0.5728141049
10	0.7992162857	0.5651644643
11	0.8035565634	0.5588981163
12	0.8056103226	0.5506797588
13	0.8056103226	0.544920506
14	0.8115278874	0.5378417972
15	0.8109774799	0.5324944034
16	0.8116867114	0.5271822026
17	0.812554767	0.5220483636
18	0.812554767	0.5152353484
19	0.8134228225	0.5097601889
20	0.8141320541	0.5041873949
21	0.8118455355	0.4982850184
22	0.8167362207	0.4934305387
23	0.8155505171	0.4876033498
24	0.8157093411	0.48330472
25	0.8221773135	0.4797767523
26	0.8213092579	0.4768729176
27	0.8249403041	0.4718930063
28	0.8270679987	0.4691227365
29	0.8295133413	0.465357424
30	0.831958684	0.4620496381
31	0.8328267395	0.4586052345
32	0.8342452026	0.4544056997
33	0.8361401377	0.4511308854
34	0.8351132581	0.4469002056
35	0.8400039434	0.4443327904
36	0.8392947119	0.4421523816
37	0.84260811	0.4388787742
38	0.8408719989	0.4360507462
39	0.8459215082	0.4341612038
40	0.8443442211	0.4319945072
41	0.8499441379	0.429551327
42	0.8499441379	0.4284520523
43	0.8490760824	0.4270929271
44	0.8473399713	0.4244005026
45	0.8520718325	0.4210845898
46	0.8504945454	0.4195534721
47	0.8512037769	0.4177963188
48	0.8520718325	0.4154340746
49	0.8553852307	0.4128460124
50	0.8548348232	0.4112145999
51	0.8586986288	0.4089536145
52	0.8530987121	0.4073595876
53	0.851521425	0.4061120219
54	0.8548348232	0.4046151468
55	0.8539667676	0.4028995335
56	0.8539667676	0.400732802
57	0.8539667676	0.3993812868
58	0.8572801658	0.397189683
59	0.8555440547	0.3959840104
60	0.8555440547	0.3950261445
61	0.8564121102	0.3926620997
62	0.8555440547	0.3910542096
63	0.8571213418	0.3898663562
64	0.8571213418	0.3897286252
65	0.8571213418	0.3888510169
66	0.8571213418	0.388043993
67	0.8579893973	0.3870054303
68	0.8604347399	0.3847063335
69	0.8597255084	0.3833729616
70	0.862012027	0.3824321731
71	0.8604347399	0.3814215709
72	0.8613027955	0.3798110435
73	0.8630389066	0.3779811628
74	0.862170851	0.3768597785
75	0.8630389066	0.3754165934
76	0.8654842492	0.3737030882
77	0.8663523048	0.3718273943
78	0.8680884159	0.3703909623
79	0.8680884159	0.3697146112
80	0.8663523048	0.3685623362
81	0.8663523048	0.367675177
82	0.8663523048	0.3659558036
83	0.8646161937	0.3645495932
84	0.8670615363	0.3636165969
85	0.8670615363	0.3627886909
86	0.8670615363	0.3608076808
87	0.8686388234	0.3601076465
88	0.8677707678	0.3593849657
89	0.8677707678	0.3587975101
90	0.8677707678	0.3582279406
91	0.8669027123	0.3575839799
92	0.8669027123	0.3570503353
93	0.8660346567	0.3560073445
94	0.8651666012	0.355474127
95	0.8667438882	0.3546128251
96	0.8719522215	0.3527288241
97	0.8719522215	0.3512443554
98	0.8743975642	0.3502480842
99	0.8743975642	0.3497130617
100	0.8743975642	0.3486847294
101	0.8743975642	0.3476998445
102	0.8752656197	0.3471421502
103	0.8752656197	0.3464320437
104	0.8761336753	0.3459503358
105	0.8738471567	0.3443858106
106	0.8752656197	0.3429931093
107	0.8736883326	0.3420758637
108	0.8761336753	0.3405812968
109	0.8770017308	0.3396113513
110	0.8787378419	0.3378340015
111	0.880473953	0.3362508082
112	0.8822100641	0.3355070179
113	0.8822100641	0.3347208757
114	0.8830781197	0.3336507708
115	0.8813420086	0.333312496
116	0.8813420086	0.3326679936
117	0.8829192956	0.3319825579
118	0.8829192956	0.3316743461
119	0.8829192956	0.331396113
120	0.8844965827	0.3298162271
121	0.8844965827	0.3294574466
122	0.8836285272	0.3286545654
123	0.8836285272	0.3270929095
124	0.8836285272	0.3264863617
125	0.8862326938	0.3256095553
126	0.8871007494	0.3246199175
127	0.8886780364	0.3240535824
128	0.8878099809	0.3228035609
129	0.8878099809	0.3218409588
130	0.8878099809	0.3215399134
131	0.8886780364	0.3200900512
132	0.8886780364	0.3199760544
133	0.8886780364	0.3192720365
134	0.8918326106	0.3184391021
135	0.8927006661	0.3172343702
136	0.8927006661	0.3167143911
137	0.8935687217	0.3162002749
138	0.8935687217	0.3150905769
139	0.8944367772	0.3146171595
140	0.8944367772	0.3146171514
141	0.8944367772	0.3142532441
142	0.8944367772	0.3140215028
143	0.8960140643	0.3134766361
144	0.8951460088	0.3120873437
145	0.8968821199	0.310898131
146	0.8968821199	0.3102552635
147	0.8968821199	0.3092803038
148	0.8968821199	0.3085032229
149	0.8977501754	0.3081285793
150	0.8993274625	0.3079378609
151	0.8993274625	0.3076422252
152	0.8968821199	0.3062640985
153	0.898459407	0.305189893
154	0.898459407	0.3043857364
155	0.9016139811	0.3034133746
156	0.9049273793	0.302617011
157	0.9049273793	0.3021906256
158	0.9049273793	0.3021799046
159	0.9033500922	0.3014454854
160	0.9033500922	0.3010936128
161	0.9024820367	0.2999660759
162	0.9042181478	0.2993547608
163	0.9057954348	0.2990659283
164	0.9049273793	0.2982727991
165	0.9040593237	0.2971722483
166	0.9040593237	0.2967236224
167	0.9057954348	0.2960502921
168	0.9049273793	0.2946605162
169	0.9065046664	0.2938215143
170	0.9073727219	0.2934078432
171	0.9073727219	0.2930503284
172	0.9073727219	0.2917612683
173	0.9073727219	0.2911665842
174	0.9073727219	0.2907594912
175	0.9082407775	0.2902039984
176	0.9082407775	0.2892872949
177	0.9082407775	0.2885553706
178	0.9082407775	0.2879026548
179	0.9082407775	0.2877980676
180	0.9082407775	0.2868768516
181	0.9098180645	0.2862693566
182	0.9098180645	0.2856016776
183	0.9129726387	0.2845550765
184	0.9129726387	0.2842040351
185	0.9138406942	0.2831755283
186	0.9129726387	0.2818336123
187	0.9145499258	0.2812169577
188	0.9154179813	0.2806234496
189	0.9169952684	0.2801558448
190	0.9161272128	0.2797633946
191	0.9154179813	0.2792536061
192	0.9169952684	0.2780020896
193	0.9178633239	0.2774181512
194	0.9171540924	0.2770306423
195	0.9187313795	0.2761393951
196	0.9187313795	0.2752870596
197	0.9187313795	0.2742828923
198	0.9187313795	0.2737688847
199	0.9187313795	0.2731383934
200	0.919599435	0.2725201269
201	0.919599435	0.2724734438
202	0.919599435	0.2720786177
203	0.9227540092	0.2712804474
204	0.9227540092	0.2708156569
205	0.9227540092	0.2700918014
206	0.9236220647	0.269831229
207	0.9236220647	0.2690759164
208	0.9229128332	0.2683217356
209	0.9229128332	0.2680048657
210	0.9213355461	0.2675182054
211	0.9237808888	0.2671248781
212	0.9237808888	0.2664077982
213	0.9237808888	0.2659715838
214	0.9237808888	0.2652668069
215	0.9237808888	0.2647006297
216	0.9253581758	0.2641096858
217	0.9253581758	0.2632005749
218	0.9253581758	0.2629895948
219	0.9269354629	0.2623991902
220	0.9278035185	0.2617984692
221	0.9253581758	0.261135237
222	0.9262262314	0.2605598872
223	0.9262262314	0.2599737057
224	0.9262262314	0.2592274219
225	0.9262262314	0.2584180356
226	0.9270942869	0.2577161293
227	0.9255169999	0.2570908099
228	0.9263850554	0.2560381756
229	0.9296984536	0.2547192497
230	0.9312757407	0.2542704592
231	0.9352983704	0.253401667
232	0.9370344815	0.252564826
233	0.9370344815	0.2523818596
234	0.9352983704	0.2514174701
235	0.9387705926	0.2511103
236	0.937902537	0.2506231265
237	0.9363252499	0.2503050952
238	0.9363252499	0.2496567569
239	0.937902537	0.2488839641
240	0.9370344815	0.2483019224
241	0.9387705926	0.2478429083
242	0.9387705926	0.2472104573
243	0.9403478796	0.2466439306
244	0.9403478796	0.2460391067
245	0.937902537	0.2452093211
246	0.9403478796	0.2445520088
247	0.9403478796	0.2440927963
248	0.9403478796	0.2433861135
249	0.9403478796	0.2430965388
250	0.9403478796	0.2430594768
251	0.9394798241	0.2423727008
252	0.9412159352	0.2417932159
253	0.9420839907	0.2411873132
254	0.9420839907	0.2408836735
255	0.9453973889	0.2403817753
256	0.9453973889	0.2395540707
257	0.9453973889	0.238955539
258	0.9453973889	0.2382896424
259	0.9461066204	0.2375672217
260	0.9495788426	0.2367437817
261	0.9487107871	0.2358719761
262	0.9487107871	0.234993423
263	0.9495788426	0.23483756
264	0.9487107871	0.2342399686
265	0.9504468982	0.2337373531
266	0.9513149537	0.2331232555
267	0.9528922408	0.2321805574
268	0.9528922408	0.2317267586
269	0.9528922408	0.2314558287
270	0.9520241853	0.2311164401
271	0.9528922408	0.2302285213
272	0.9528922408	0.2301714255
273	0.9528922408	0.2297533112
274	0.9528922408	0.2292890031
275	0.9528922408	0.2289381319
276	0.9537602964	0.2286219404
277	0.9528922408	0.2282085908
278	0.9520241853	0.2275372872
279	0.9528922408	0.2267055338
280	0.9537602964	0.2262874632
281	0.9537602964	0.2257497343
282	0.9537602964	0.2255280984
283	0.9537602964	0.2247128294
284	0.9537602964	0.2244105538
285	0.9537602964	0.2239564279
286	0.9537602964	0.2231276997
287	0.9553375834	0.2222736672
288	0.9553375834	0.2220022943
289	0.9569148705	0.2209373544
290	0.9569148705	0.220122651
291	0.9569148705	0.2195665333
292	0.9569148705	0.2187144056
293	0.9569148705	0.2185821921
294	0.9537602964	0.2180351746
295	0.9569148705	0.2175945639
296	0.9569148705	0.2168046057
297	0.9569148705	0.216676965
298	0.9569148705	0.2164408922
299	0.9569148705	0.2158721347
300	0.9569148705	0.2156780195
301	0.9569148705	0.2148299704
302	0.9584921576	0.2145749107
303	0.9584921576	0.2141874427
304	0.9584921576	0.2135194932
305	0.9584921576	0.2126738801
306	0.9584921576	0.2123257255
307	0.9602282687	0.2119756616
308	0.9610963243	0.2114955096
309	0.9610963243	0.2104986194
310	0.9610963243	0.2100037834
311	0.9610963243	0.2092795663
312	0.9610963243	0.2088589035
313	0.9610963243	0.2083248708
314	0.9610963243	0.2077771626
315	0.9619643798	0.2071208271
316	0.9619643798	0.2069601166
317	0.9619643798	0.2068123901
318	0.9619643798	0.2063953628
319	0.9628324354	0.2055946664
320	0.9628324354	0.2051424142
321	0.9644097224	0.204361334
322	0.9644097224	0.2037881569
323	0.9644097224	0.2036983678
324	0.9644097224	0.2032703875
325	0.9644097224	0.2031006039
326	0.9661458335	0.2027313314
327	0.9661458335	0.2023511272
328	0.9661458335	0.2016174349
329	0.9661458335	0.2012879682
330	0.965277778	0.2004130754
331	0.965277778	0.2001219462
332	0.965277778	0.1998576235
333	0.9678819446	0.1991567618
334	0.9678819446	0.1985605811
335	0.9678819446	0.1980233703
336	0.9687500002	0.1975397541
337	0.9687500002	0.1973454286
338	0.9687500002	0.1966445922
339	0.9678819446	0.1961034129
340	0.9696180557	0.1954511638
341	0.9696180557	0.1952996844
342	0.9687500002	0.1948112297
343	0.9687500002	0.1946402348
344	0.9687500002	0.1939832039
345	0.9696180557	0.1938624009
346	0.9687500002	0.1934345817
347	0.9687500002	0.1928364163
348	0.9696180557	0.1923443121
349	0.9696180557	0.1921573203
350	0.9696180557	0.1917790316
351	0.9696180557	0.1912741842
352	0.9696180557	0.1912297305
353	0.9687500002	0.1905219244
354	0.9687500002	0.190359152
355	0.9687500002	0.1900615808
356	0.9687500002	0.189848288
357	0.9687500002	0.1896433269
358	0.9696180557	0.1893318482
359	0.9696180557	0.1892330356
360	0.9696180557	0.1889520785
361	0.9696180557	0.1885083145
362	0.9696180557	0.1880652546
363	0.9696180557	0.1878689204
364	0.9696180557	0.1876739562
365	0.9696180557	0.1871473094
366	0.9696180557	0.1869206411
367	0.9696180557	0.1865224631
368	0.9696180557	0.1862922689
369	0.9696180557	0.1862398254
370	0.9696180557	0.1860664044
371	0.9696180557	0.1855476888
372	0.9696180557	0.1852092475
373	0.9696180557	0.1849863574
374	0.9696180557	0.1844505887
375	0.9696180557	0.1838807419
376	0.9696180557	0.1833859801
377	0.9696180557	0.1830653767
378	0.9696180557	0.1826670415
379	0.9696180557	0.1821638234
380	0.9704861113	0.1813011956
381	0.9704861113	0.1807343244
382	0.9704861113	0.1806464384
383	0.9704861113	0.1805336171
384	0.9704861113	0.1803415568
385	0.9704861113	0.1800359108
386	0.9704861113	0.1796992971
387	0.9704861113	0.1793485368
388	0.9704861113	0.1789540351
389	0.9704861113	0.1785236131
390	0.9704861113	0.1783288867
391	0.9704861113	0.1780206481
392	0.9704861113	0.1776492464
393	0.9704861113	0.1768576361
394	0.9713541668	0.1763816965
395	0.9713541668	0.175879482
396	0.9713541668	0.1757070397
397	0.9713541668	0.1752061064
398	0.9722222224	0.174588913
399	0.9722222224	0.1743027779
400	0.9722222224	0.1739834616
401	0.9722222224	0.1737006197
402	0.9722222224	0.1733747238
403	0.9722222224	0.1730698478
404	0.9722222224	0.1727254851
405	0.9722222224	0.1725178105
406	0.9730902779	0.1722949271
407	0.9722222224	0.1717527812
408	0.9722222224	0.1714880112
409	0.9722222224	0.1709158713
410	0.9722222224	0.1707771375
411	0.9722222224	0.1702250266
412	0.9722222224	0.1695828791
413	0.9722222224	0.1692958782
414	0.9722222224	0.1685675976
415	0.9722222224	0.1683855606
416	0.9722222224	0.1680861201
417	0.9722222224	0.1676140786
418	0.9739583335	0.1673042034
419	0.9739583335	0.1670143687
420	0.9739583335	0.1666163006
421	0.974826389	0.1662660358
422	0.974826389	0.1660850552
423	0.974826389	0.1656025965
424	0.974826389	0.1650008734
425	0.974826389	0.1645888955
426	0.974826389	0.1642236683
427	0.9756944446	0.1639552002
428	0.9756944446	0.1632186544
429	0.9756944446	0.1630239584
430	0.9756944446	0.1628309355
431	0.9756944446	0.1622852588
432	0.974826389	0.1620892114
433	0.9739583335	0.1616337937
434	0.9739583335	0.1614422806
435	0.974826389	0.16131645
436	0.9756944446	0.16091477
437	0.9756944446	0.1606646156
438	0.9756944446	0.1601053015
439	0.9756944446	0.159857676
440	0.9756944446	0.159519515
441	0.9756944446	0.1593779903
442	0.9756944446	0.1586963858
443	0.9756944446	0.1581093103
444	0.9756944446	0.1579253367
445	0.9756944446	0.1572816199
446	0.9756944446	0.1570097103
447	0.9756944446	0.156604739
448	0.9756944446	0.1562675855
449	0.9756944446	0.1558884548
450	0.9756944446	0.1554173388
451	0.9756944446	0.1551793494
452	0.9756944446	0.1549048716
453	0.9756944446	0.154541306
454	0.9756944446	0.1541608881
455	0.9756944446	0.1539574973
456	0.9756944446	0.1537889128
457	0.9756944446	0.1535832956
458	0.9756944446	0.1532864356
459	0.9756944446	0.1528740727
460	0.9756944446	0.1524840706
461	0.9756944446	0.1523379986
462	0.9756944446	0.1522057664
463	0.9756944446	0.1518844225
464	0.9756944446	0.1517252996
465	0.9756944446	0.1516438897
466	0.9756944446	0.1512828417
467	0.9756944446	0.1510563725
468	0.9756944446	0.1509804277
469	0.9756944446	0.1507325117
470	0.9756944446	0.1505752365
471	0.9756944446	0.1501369258
472	0.9756944446	0.1496962744
473	0.9756944446	0.1494436444
474	0.9756944446	0.1490618507
475	0.9756944446	0.148472636
476	0.9756944446	0.148147618
477	0.9756944446	0.1479907979
478	0.9756944446	0.1475806667
479	0.9756944446	0.1472460182
480	0.9765625001	0.1468314536
481	0.9765625001	0.1464886099
482	0.9765625001	0.1461074522
483	0.9765625001	0.1458082657
484	0.9765625001	0.1455752825
485	0.9765625001	0.1454057009
486	0.9765625001	0.1453046895
487	0.9765625001	0.1449796332
488	0.9765625001	0.144823113
489	0.9774305557	0.1444816943
490	0.9774305557	0.1442522422
491	0.9774305557	0.1442193065
492	0.9774305557	0.1439803762
493	0.9774305557	0.1436605718
494	0.9774305557	0.1435571764
495	0.9774305557	0.1433048091
496	0.9774305557	0.1430805536
497	0.9774305557	0.1428626417
498	0.9774305557	0.142729723
499	0.9774305557	0.1425059251
500	0.9774305557	0.142250087
501	0.9774305557	0.1420236689
502	0.9774305557	0.1417163645
503	0.9774305557	0.141490402
504	0.9774305557	0.1410748459
505	0.9774305557	0.1406574335
506	0.9774305557	0.1405485341
507	0.9774305557	0.1404163644
508	0.9774305557	0.1400381756
509	0.9774305557	0.1398372687
510	0.9774305557	0.1397475017
511	0.9774305557	0.1390167182
512	0.9774305557	0.13879341
513	0.9774305557	0.1386813215
514	0.9765625001	0.1385471049
515	0.9774305557	0.1384382138
516	0.9765625001	0.1379236103
517	0.9774305557	0.1372935937
518	0.9774305557	0.1369234545
519	0.9782986112	0.1362956281
520	0.9782986112	0.1358946949
521	0.9782986112	0.1354108991
522	0.9791666668	0.1351114513
523	0.9791666668	0.1344304452
524	0.9791666668	0.1343466322
525	0.9791666668	0.133897581
526	0.9782986112	0.1334195916
527	0.9782986112	0.1330493069
528	0.9782986112	0.1327258729
529	0.9782986112	0.13244353
530	0.9791666668	0.1318684577
531	0.9791666668	0.131460485
532	0.9791666668	0.1312782572
533	0.9791666668	0.1311958926
534	0.9791666668	0.1310564714
535	0.9800347223	0.1309705447
536	0.9791666668	0.1308137039
537	0.9791666668	0.1306916816
538	0.9791666668	0.1306311588
539	0.9791666668	0.130332927
540	0.9791666668	0.1299543836
541	0.9800347223	0.129576855
542	0.9800347223	0.129333092
543	0.9809027779	0.1289108523
544	0.9809027779	0.1287294572
545	0.9809027779	0.1286804294
546	0.9809027779	0.1282479097
547	0.9809027779	0.127976659
548	0.9809027779	0.1276410291
549	0.9809027779	0.1274021206
550	0.9809027779	0.1272438882
551	0.9809027779	0.1270963581
552	0.9809027779	0.1269932598
553	0.9809027779	0.1268057805
554	0.9809027779	0.1264552621
555	0.9809027779	0.1260050306
556	0.9817708334	0.1257486117
557	0.9817708334	0.1255012727
558	0.9817708334	0.125126443
559	0.9817708334	0.1249866529
560	0.9817708334	0.1247509134
561	0.9817708334	0.1244788451
562	0.9817708334	0.1241976999
563	0.9817708334	0.1238457009
564	0.9817708334	0.1236075872
565	0.9817708334	0.1234727549
566	0.9817708334	0.123361355
567	0.9817708334	0.1231166226
568	0.9817708334	0.1227585758
569	0.9817708334	0.1225265189
570	0.9817708334	0.1223124736
571	0.9817708334	0.1222420186
572	0.9817708334	0.1218252405
573	0.9817708334	0.1214190586
574	0.9817708334	0.1211849849
575	0.9817708334	0.1208704258
576	0.9817708334	0.1205448495
577	0.9817708334	0.1204343098
578	0.9817708334	0.120293341
579	0.9817708334	0.120020833
580	0.9817708334	0.1197124049
581	0.9817708334	0.1192702296
582	0.9817708334	0.1190274871
583	0.9817708334	0.1188763458
584	0.9817708334	0.1185794994
585	0.9817708334	0.1182828216
586	0.9817708334	0.1180198335
587	0.9817708334	0.117728933
588	0.982638889	0.1176049311
589	0.982638889	0.1172923128
590	0.982638889	0.1172356249
591	0.982638889	0.1169607477
592	0.982638889	0.1168372198
593	0.982638889	0.1166785126
594	0.982638889	0.1165772898
595	0.9835069445	0.116483758
596	0.9835069445	0.1161747758
597	0.9835069445	0.1160788865
598	0.9835069445	0.1157670168
599	0.9835069445	0.11569863
600	0.9835069445	0.1155136894
601	0.9835069445	0.1153330404
602	0.9835069445	0.1151766046
603	0.9835069445	0.1150916213
604	0.9835069445	0.1149276519
605	0.9835069445	0.1147769604
606	0.9835069445	0.1145961378
607	0.9835069445	0.1143418007
608	0.9835069445	0.1142681993
609	0.9835069445	0.1139155912
610	0.9835069445	0.1138330344
611	0.9835069445	0.1135697199
612	0.9835069445	0.1132421278
613	0.9835069445	0.1131816741
614	0.9835069445	0.1130285654
615	0.9835069445	0.1127723791
616	0.9835069445	0.1124838732
617	0.9835069445	0.1124556422
618	0.9835069445	0.1123861909
619	0.9835069445	0.1121357778
620	0.9835069445	0.1117547571
621	0.9835069445	0.1115710762
622	0.9835069445	0.1113719099
623	0.9835069445	0.1111963177
624	0.9835069445	0.1109604238
625	0.9843750001	0.1106295007
626	0.9843750001	0.1104142019
627	0.9843750001	0.1099503449
628	0.9843750001	0.109886083
629	0.9843750001	0.1097569225
630	0.9843750001	0.1092759619
631	0.9843750001	0.1090538433
632	0.9843750001	0.108779089
633	0.9843750001	0.1084620107
634	0.9843750001	0.1083981029
635	0.9843750001	0.1083238751
636	0.9843750001	0.1080979213
637	0.9843750001	0.1079009841
638	0.9843750001	0.1077954108
639	0.9843750001	0.1075274643
640	0.9843750001	0.1074131986
641	0.9843750001	0.1072061478
642	0.9843750001	0.1069176493
643	0.9843750001	0.1067045896
644	0.9843750001	0.1066215437
645	0.9843750001	0.1065318894
646	0.9843750001	0.106476769
647	0.9852430556	0.10630329
648	0.9852430556	0.1061932126
649	0.9852430556	0.1061353679
650	0.9852430556	0.1058321751
651	0.9852430556	0.1056202967
652	0.9852430556	0.1053664681
653	0.9852430556	0.1052334008
654	0.9852430556	0.1051159264
655	0.9843750001	0.1048915509
656	0.9852430556	0.1046866602
657	0.9852430556	0.1044963895
658	0.9852430556	0.1044162998
659	0.9852430556	0.1042969904
660	0.9852430556	0.1040402598
661	0.9852430556	0.1039480327
662	0.9852430556	0.1036903228
663	0.9852430556	0.1035877648
664	0.9852430556	0.1033827326
665	0.9852430556	0.1033085698
666	0.9861111112	0.1031806873
667	0.9861111112	0.1029767834
668	0.9861111112	0.1028834563
669	0.9861111112	0.1027833367
670	0.9861111112	0.1024813656
671	0.9861111112	0.1022652821
672	0.9861111112	0.102135061
673	0.9861111112	0.10200712
674	0.9861111112	0.1019416609
675	0.9861111112	0.1018870723
676	0.9861111112	0.1017842912
677	0.9861111112	0.1017141388
678	0.9861111112	0.1015270823
679	0.9861111112	0.1013481122
680	0.9861111112	0.1010253779
681	0.9861111112	0.1008969252
682	0.9861111112	0.1006177443
683	0.9861111112	0.1004238418
684	0.9861111112	0.1002458073
685	0.9861111112	0.100116526
686	0.9861111112	0.1000099335
687	0.9861111112	0.09966115319
688	0.9861111112	0.09952428691
689	0.9861111112	0.09932573702
690	0.9861111112	0.09925108693
691	0.9861111112	0.09914168949
692	0.9861111112	0.09904395844
693	0.9861111112	0.09902232173
694	0.9861111112	0.09893171785
695	0.9861111112	0.09887644807
696	0.9861111112	0.09871090879
697	0.9861111112	0.09857610212
698	0.9861111112	0.09849185979
699	0.9861111112	0.09846241922
700	0.9861111112	0.09843357078
701	0.9861111112	0.09838474812
702	0.9869791667	0.09820613666
703	0.9869791667	0.09812054186
704	0.9869791667	0.09802442012
705	0.9869791667	0.09779538202
706	0.9869791667	0.09752029648
707	0.9869791667	0.09719037277
708	0.9869791667	0.09706885941
709	0.9869791667	0.09693221341
710	0.9869791667	0.09675700753
711	0.9869791667	0.09664888022
712	0.9869791667	0.09657053922
713	0.9869791667	0.09644319065
714	0.9869791667	0.09630150902
715	0.9869791667	0.09616629953
716	0.9869791667	0.0960827118
717	0.9869791667	0.09587491325
718	0.9869791667	0.09565955351
719	0.9869791667	0.09544549012
720	0.9869791667	0.09540113506
721	0.9869791667	0.09517700522
722	0.9869791667	0.09505280426
723	0.9869791667	0.09500197018
724	0.9869791667	0.09491025061
725	0.9869791667	0.09482313142
726	0.9869791667	0.09458154482
727	0.9869791667	0.09446562462
728	0.9869791667	0.09439896814
729	0.9869791667	0.09420016669
730	0.9869791667	0.09411904904
731	0.9869791667	0.09406530197
732	0.9869791667	0.09372661317
733	0.9869791667	0.09367562657
734	0.9869791667	0.09358993358
735	0.9869791667	0.09330444807
736	0.9869791667	0.0932184008
737	0.9869791667	0.09308139172
738	0.9869791667	0.09281389729
739	0.9869791667	0.09273625647
740	0.9878472223	0.09265655452
741	0.9878472223	0.09257452831
742	0.9878472223	0.09255016623
743	0.9878472223	0.09224404685
744	0.9878472223	0.09207568449
745	0.9878472223	0.09205247478
746	0.9878472223	0.0919220925
747	0.9878472223	0.09189613431
748	0.9878472223	0.09172429064
749	0.9878472223	0.09151250237
750	0.9878472223	0.09145909667
751	0.9878472223	0.09125148659
752	0.9878472223	0.09102227563
753	0.9878472223	0.09085514693
754	0.9878472223	0.09071865704
755	0.9878472223	0.09061095302
756	0.9878472223	0.09056307487
757	0.9878472223	0.09048971837
758	0.9878472223	0.09030265678
759	0.9887152778	0.09016623519
760	0.9887152778	0.09011546696
761	0.9887152778	0.09001861765
762	0.9887152778	0.0898960124
763	0.9887152778	0.08983708919
764	0.9887152778	0.08962742077
765	0.9887152778	0.08955355303
766	0.9895833334	0.08935802523
767	0.9895833334	0.0892561172
768	0.9895833334	0.08918425879
769	0.9895833334	0.08901741032
770	0.9895833334	0.08880474225
771	0.9895833334	0.08866977269
772	0.9895833334	0.08840499028
773	0.9895833334	0.08831698829
774	0.9904513889	0.08802098455
775	0.9904513889	0.08770296966
776	0.9904513889	0.08761267613
777	0.9904513889	0.08757311468
778	0.9904513889	0.08738975349
779	0.9904513889	0.08731059506
780	0.9904513889	0.08709197086
781	0.9904513889	0.08699681024
782	0.9904513889	0.08678127085
783	0.9904513889	0.08666775959
784	0.9904513889	0.08661635961
785	0.9904513889	0.08652456579
786	0.9904513889	0.08630661279
787	0.9904513889	0.08625394073
788	0.9904513889	0.08611003706
789	0.9904513889	0.08592450322
790	0.9895833334	0.08572808681
791	0.9895833334	0.08568267446
792	0.9895833334	0.08558323496
793	0.9904513889	0.08544836498
794	0.9904513889	0.08537335928
795	0.9913194445	0.08514252476
796	0.9913194445	0.08504561116
797	0.9913194445	0.08489590269
798	0.9913194445	0.08464237414
799	0.9913194445	0.08449048357
800	0.9913194445	0.08436085505
801	0.9913194445	0.08426419343
802	0.9913194445	0.0841522205
803	0.9913194445	0.08413608075
804	0.9913194445	0.08398994052
805	0.9913194445	0.08380216338
806	0.9913194445	0.08367143963
807	0.9913194445	0.08349352895
808	0.9913194445	0.08334902597
809	0.9913194445	0.08325582587
810	0.9913194445	0.0830068372
811	0.9913194445	0.08292681857
812	0.9913194445	0.08273546247
813	0.9913194445	0.08261580927
814	0.9913194445	0.08234723161
815	0.9921875	0.08222698315
816	0.9921875	0.08217063449
817	0.9921875	0.08212820882
818	0.9913194445	0.08195819841
819	0.9913194445	0.08183651113
820	0.9921875	0.08177155264
821	0.9921875	0.08161572595
822	0.9930555556	0.08153250543
823	0.9930555556	0.08140986463
824	0.9930555556	0.08122071617
825	0.9930555556	0.08105031916
826	0.9930555556	0.08101046338
827	0.9930555556	0.08074212379
828	0.9930555556	0.08049607033
829	0.9930555556	0.08045920569
830	0.9930555556	0.08040443569
831	0.9930555556	0.08036839668
832	0.9930555556	0.08025431235
833	0.9930555556	0.08022360994
834	0.9930555556	0.0801827763
835	0.9930555556	0.08015769319
836	0.9939236111	0.07994501932
837	0.9939236111	0.07986746636
838	0.9939236111	0.07977903079
839	0.9939236111	0.07964785955
840	0.9939236111	0.07946003433
841	0.9939236111	0.07928388125
842	0.9939236111	0.0792604773
843	0.9939236111	0.07898607594
844	0.9939236111	0.07891727895
845	0.9939236111	0.07872951573
846	0.9939236111	0.07864371469
847	0.9939236111	0.07856848117
848	0.9939236111	0.07845201872
849	0.9939236111	0.07824421092
850	0.9939236111	0.07814533861
851	0.9939236111	0.07805196509
852	0.9939236111	0.07801266256
853	0.9939236111	0.07795317177
854	0.9939236111	0.07791372517
855	0.9939236111	0.07784969289
856	0.9939236111	0.07782234427
857	0.9939236111	0.07766910539
858	0.9939236111	0.07753889136
859	0.9939236111	0.07746861561
860	0.9939236111	0.07740711509
861	0.9939236111	0.07735537094
862	0.9939236111	0.07725674132
863	0.9939236111	0.07722304478
864	0.9939236111	0.07689691108
865	0.9939236111	0.07677993004
866	0.9939236111	0.0767421643
867	0.9939236111	0.07658230573
868	0.9939236111	0.07636527427
869	0.9939236111	0.07618059529
870	0.9939236111	0.07605934027
871	0.9939236111	0.07603349404
872	0.9939236111	0.07598595135
873	0.9939236111	0.07588370636
874	0.9939236111	0.07569747978
875	0.9939236111	0.07552033361
876	0.9930555556	0.07531018064
877	0.9930555556	0.07518318182
878	0.9930555556	0.07513609682
879	0.9939236111	0.07505683083
880	0.9939236111	0.07493684499
881	0.9939236111	0.07477388264
882	0.9939236111	0.07466127885
883	0.9939236111	0.07456059237
884	0.9939236111	0.07450688393
885	0.9939236111	0.07439176017
886	0.9939236111	0.07424249927
887	0.9939236111	0.07416955239
888	0.9939236111	0.0740575214
889	0.9939236111	0.07403442209
890	0.9939236111	0.07399814796
891	0.9939236111	0.07385023884
892	0.9939236111	0.07373773214
893	0.9939236111	0.07369209043
894	0.9939236111	0.07340423622
895	0.9939236111	0.07323676735
896	0.9939236111	0.07321432694
897	0.9939236111	0.0731575744
898	0.9939236111	0.07311117138
899	0.9939236111	0.07299336121
900	0.9939236111	0.07293788771
901	0.9939236111	0.07285047081
902	0.9939236111	0.07282186331
903	0.9939236111	0.07273409387
904	0.9947916667	0.0725892887
905	0.9947916667	0.07240867461
906	0.9947916667	0.07230956647
907	0.9947916667	0.07214605027
908	0.9947916667	0.07209694157
909	0.9947916667	0.07200939016
910	0.9947916667	0.07192179257
911	0.9947916667	0.07184962503
912	0.9947916667	0.07172344819
913	0.9956597222	0.07158893596
914	0.9956597222	0.07142063841
915	0.9956597222	0.07136553252
916	0.9956597222	0.07128803015
917	0.9956597222	0.0712513209
918	0.9956597222	0.07117763142
919	0.9956597222	0.0709891682
920	0.9956597222	0.07081804513
921	0.9956597222	0.07079750783
922	0.9956597222	0.07067049205
923	0.9956597222	0.07054508169
924	0.9956597222	0.07048889688
925	0.9956597222	0.07040363955
926	0.9956597222	0.07022706952
927	0.9956597222	0.07014530499
928	0.9956597222	0.07006732391
929	0.9956597222	0.06992944416
930	0.9956597222	0.06988173258
931	0.9956597222	0.06984055744
932	0.9956597222	0.06971435031
933	0.9956597222	0.06966202036
934	0.9956597222	0.06953262754
935	0.9956597222	0.06939753527
936	0.9956597222	0.0692343924
937	0.9956597222	0.06911347724
938	0.9956597222	0.06905428066
939	0.9956597222	0.0689572689
940	0.9956597222	0.06890772374
941	0.9956597222	0.06886952188
942	0.9956597222	0.06877986028
943	0.9956597222	0.06866182833
944	0.9956597222	0.06853086623
945	0.9965277778	0.06839042252
946	0.9965277778	0.06821258741
947	0.9965277778	0.06808537812
948	0.9965277778	0.06806788893
949	0.9965277778	0.06801388068
950	0.9965277778	0.06796309896
951	0.9965277778	0.06789890576
952	0.9965277778	0.06787089548
953	0.9965277778	0.06781056698
954	0.9965277778	0.06769308396
955	0.9965277778	0.06766722798
956	0.9965277778	0.06756374967
957	0.9965277778	0.06754306843
958	0.9965277778	0.06745613361
959	0.9965277778	0.06739821253
960	0.9965277778	0.06727562864
961	0.9965277778	0.0671444819
962	0.9965277778	0.06711515204
963	0.9965277778	0.06701996522
964	0.9965277778	0.06698200937
965	0.9965277778	0.06689452369
966	0.9965277778	0.06671002121
967	0.9973958333	0.06656543351
968	0.9973958333	0.06653569908
969	0.9973958333	0.06650900527
970	0.9973958333	0.06637529305
971	0.9973958333	0.06619401099
972	0.9973958333	0.06605752412
973	0.9973958333	0.06596436261
974	0.9973958333	0.06589123671
975	0.9973958333	0.06580832332
976	0.9982638889	0.0656728331
977	0.9982638889	0.0656620799
978	0.9982638889	0.06563215188
979	0.9982638889	0.06560252946
980	0.9982638889	0.06548225922
981	0.9982638889	0.06540298415
982	0.9982638889	0.06532902282
983	0.9982638889	0.06523216205
984	0.9982638889	0.06520363795
985	0.9982638889	0.06511153277
986	0.9982638889	0.0649748399
987	0.9982638889	0.06484287
988	0.9982638889	0.06476084886
989	0.9982638889	0.06464593266
990	0.9982638889	0.06459522835
991	0.9982638889	0.06451173721
992	0.9982638889	0.06428717494
993	0.9982638889	0.06416309758
994	0.9982638889	0.06413423348
995	0.9982638889	0.06399965137
996	0.9982638889	0.0638407455
997	0.9982638889	0.06368921894
998	0.9982638889	0.06353602543
999	0.9982638889	0.0635089437
1000	0.9982638889	0.06336145985
1001	0.9982638889	0.06332628779
1002	0.9982638889	0.0631903966
1003	0.9982638889	0.06301442681
1004	0.9982638889	0.0628849702
1005	0.9982638889	0.06281952677
1006	0.9982638889	0.06273424982
1007	0.9982638889	0.06263796426
1008	0.9982638889	0.0624598897
1009	0.9982638889	0.06232026591
1010	0.9982638889	0.06213134116
1011	0.9982638889	0.06206891601
1012	0.9982638889	0.06204836066
1013	0.9982638889	0.06195089349
1014	0.9982638889	0.06190199469
1015	0.9982638889	0.06174600632
1016	0.9982638889	0.06171466142
1017	0.9982638889	0.06157362764
1018	0.9982638889	0.06148214321
1019	0.9982638889	0.06141541349
1020	0.9982638889	0.06134130349
1021	0.9982638889	0.06119530637
1022	0.9982638889	0.06108976936
1023	0.9982638889	0.06103181191
1024	0.9982638889	0.06096759536
1025	0.9991319444	0.06083106431
1026	0.9991319444	0.06076544905
1027	0.9991319444	0.06068327568
1028	0.9991319444	0.0605751777
1029	0.9991319444	0.06045616564
1030	0.9991319444	0.0603541973
1031	0.9991319444	0.06031169956
1032	0.9991319444	0.06024550689
1033	0.9991319444	0.06019342283
1034	0.9991319444	0.06018413019
1035	0.9991319444	0.06005449783
1036	0.9991319444	0.06003341719
1037	0.9991319444	0.05996489545
1038	0.9991319444	0.05983061774
1039	0.9991319444	0.05975616167
1040	0.9991319444	0.05971775568
1041	0.9991319444	0.05960658451
1042	0.9991319444	0.05950637115
1043	0.9991319444	0.05944006694
1044	0.9991319444	0.05934430745
1045	0.9991319444	0.05931101125
1046	0.9991319444	0.05919595638
1047	0.9991319444	0.05914933778
1048	0.9991319444	0.05912804487
1049	0.9991319444	0.0590034191
1050	0.9991319444	0.05885607523
1051	0.9991319444	0.058805658
1052	0.9991319444	0.0587096356
1053	0.9991319444	0.05860021744
1054	0.9991319444	0.05852997698
1055	0.9991319444	0.05845220629
1056	0.9991319444	0.05828625229
1057	0.9991319444	0.05823935509
1058	0.9991319444	0.05821194568
1059	0.9991319444	0.058155694
1060	0.9991319444	0.05807536946
1061	0.9991319444	0.058051597
1062	0.9991319444	0.05801187352
1063	0.9991319444	0.05798498657
1064	0.9991319444	0.05795957514
1065	0.9991319444	0.05788137112
1066	0.9991319444	0.05783126449
1067	0.9991319444	0.05776925234
1068	0.9991319444	0.05769220509
1069	0.9991319444	0.05761608029
1070	0.9991319444	0.05759007315
1071	0.9991319444	0.05747066504
1072	0.9991319444	0.05741258446
1073	0.9991319444	0.05727273077
1074	0.9991319444	0.05710667891
1075	0.9991319444	0.05705238551
1076	0.9991319444	0.05702701367
1077	0.9991319444	0.05701276494
1078	0.9991319444	0.05698980154
1079	0.9991319444	0.05695498739
1080	0.9991319444	0.05687866016
1081	0.9991319444	0.05677972838
1082	0.9991319444	0.05670099214
1083	0.9991319444	0.05662075279
1084	0.9991319444	0.0565246398
1085	0.9991319444	0.05646221971
1086	0.9991319444	0.05634659322
1087	0.9991319444	0.05627506958
1088	0.9991319444	0.05622412251
1089	0.9991319444	0.05616226655
1090	0.9991319444	0.05612053355
1091	0.9991319444	0.0560607347
1092	0.9991319444	0.05592756231
1093	0.9991319444	0.05588398851
1094	0.9991319444	0.05582111193
1095	0.9991319444	0.05579804392
1096	0.9991319444	0.05573058066
1097	0.9991319444	0.05571615794
1098	0.9991319444	0.05568189511
1099	0.9991319444	0.05566520148
1100	0.9991319444	0.05553375213
1101	0.9991319444	0.05546465808
1102	0.9991319444	0.05538534115
1103	0.9991319444	0.05529015729
1104	0.9991319444	0.0551622552
1105	0.9991319444	0.05514001914
1106	0.9991319444	0.05512810603
1107	0.9991319444	0.05509782238
1108	0.9991319444	0.05499152262
1109	1	0.05496797092
1110	1	0.0548762206
1111	1	0.05477564815
1112	1	0.05470563859
1113	1	0.0546771851
1114	1	0.05460533772
1115	1	0.05452516191
1116	1	0.05443530024
1117	1	0.05439001552
1118	1	0.0543747171
1119	1	0.05430542331
1120	1	0.05423478473
1121	1	0.05421201756
1122	1	0.05414624702
1123	1	0.05410613659
1124	1	0.05400823347
1125	1	0.0539002614
1126	1	0.05382921689
1127	1	0.05376457123
1128	1	0.05373426736
1129	1	0.05371953746
1130	1	0.05364950203
1131	1	0.05361326058
1132	1	0.05347423831
1133	1	0.05333230067
1134	1	0.05328407404
1135	1	0.05319356659
1136	1	0.05312052197
1137	1	0.05299637915
1138	1	0.0529589392
1139	1	0.05294370519
1140	1	0.05292153333
1141	1	0.05287784384
1142	1	0.052840991
1143	1	0.05279042368
1144	1	0.05272248991
1145	1	0.05263580388
1146	1	0.05252791011
1147	1	0.05251313988
1148	1	0.05244205311
1149	1	0.0523473763
1150	1	0.05227218314
1151	1	0.05224828708
1152	1	0.05216436873
1153	1	0.05203308043
1154	1	0.05197345948
1155	1	0.05189905292
1156	1	0.05185929982
1157	1	0.05171066664
1158	1	0.05165963956
1159	1	0.05158677532
1160	1	0.05155391204
1161	1	0.05154647762
1162	1	0.05152002217
1163	1	0.0514629046
1164	1	0.05141097759
1165	1	0.05134114462
1166	1	0.05121650638
1167	1	0.05117430153
1168	1	0.05113687922
1169	1	0.05101252837
1170	1	0.05097644822
1171	1	0.05092346464
1172	1	0.05087786057
1173	1	0.05075141665
1174	1	0.05070293798
1175	1	0.05062996668
1176	1	0.0505122369
1177	1	0.05040907433
1178	1	0.05029671936
1179	1	0.0502785272
1180	1	0.05018033738
1181	1	0.05008632136
1182	1	0.05005209537
1183	1	0.05002238992
1184	1	0.04996024542
1185	1	0.04990952621
1186	1	0.04987292686
1187	1	0.04977404878
1188	1	0.04970247632
1189	1	0.04957435614
1190	1	0.04948262544
1191	1	0.04940650567
1192	1	0.04938145628
1193	1	0.04931641402
1194	1	0.04927013243
1195	1	0.04918527879
1196	1	0.04909388376
1197	1	0.04906849826
1198	1	0.04905617288
1199	1	0.04902467361
1200	1	0.04897351877
1201	1	0.04881843426
1202	1	0.0487159658
1203	1	0.0485916284
1204	1	0.04849900676
1205	1	0.04839063431
1206	1	0.04836154811
1207	1	0.04831609558
1208	1	0.04822914505
1209	1	0.04819417296
1210	1	0.04814654417
1211	1	0.04812628521
1212	1	0.04810902617
1213	1	0.0480041446
1214	1	0.04792649637
1215	1	0.04789119784
1216	1	0.04786999531
1217	1	0.04780344703
1218	1	0.0477714677
1219	1	0.04770666363
1220	1	0.04768959298
1221	1	0.04762545809
1222	1	0.0475762588
1223	1	0.04752609064
1224	1	0.04750258252
1225	1	0.04741733815
1226	1	0.0473468409
1227	1	0.04727036353
1228	1	0.04725543092
1229	1	0.04724243321
1230	1	0.04719053827
1231	1	0.04716071028
1232	1	0.04713643441
1233	1	0.04704462648
1234	1	0.0469920066
1235	1	0.04694275693
1236	1	0.04691466278
1237	1	0.04690748828
1238	1	0.04681910216
1239	1	0.04678699673
1240	1	0.04675268752
1241	1	0.04672673509
1242	1	0.04660939224
1243	1	0.04656218937
1244	1	0.04650491137
1245	1	0.04641014899
1246	1	0.04636655614
1247	1	0.04629509355
1248	1	0.04622058691
1249	1	0.04617947873
1250	1	0.04615284295
1251	1	0.04612099838
1252	1	0.04603439395
1253	1	0.04598745213
1254	1	0.04591147195
1255	1	0.04582799365
1256	1	0.04580086256
1257	1	0.04579412242
1258	1	0.0457706999
1259	1	0.04573740492
1260	1	0.04572667608
1261	1	0.04570811807
1262	1	0.04561627006
1263	1	0.04558111449
1264	1	0.04551850291
1265	1	0.04547897623
1266	1	0.0454044289
1267	1	0.04538979433
1268	1	0.0453490441
1269	1	0.0452601347
1270	1	0.04516463943
1271	1	0.04515154437
1272	1	0.04507650211
1273	1	0.04504449507
1274	1	0.04501510424
1275	1	0.04500939316
1276	1	0.04496672453
1277	1	0.04493328328
1278	1	0.04489110371
1279	1	0.04482597527
1280	1	0.04479611884
1281	1	0.04476368183
1282	1	0.04471887589
1283	1	0.04466319412
1284	1	0.04461014438
1285	1	0.0445585033
1286	1	0.04446354272
1287	1	0.04441188582
1288	1	0.0443037081
1289	1	0.04427482378
1290	1	0.04421842373
1291	1	0.04420406707
1292	1	0.0441942804
1293	1	0.04418481629
1294	1	0.04414775269
1295	1	0.04407981471
1296	1	0.04404543547
1297	1	0.04400871425
1298	1	0.04395663598
1299	1	0.04389929557
1300	1	0.04382347282
1301	1	0.04372466298
1302	1	0.04368692119
1303	1	0.04357290368
1304	1	0.04349260015
1305	1	0.04345557854
1306	1	0.04344596297
1307	1	0.0434424419
1308	1	0.04341331333
1309	1	0.04338747366
1310	1	0.04334955883
1311	1	0.04329238006
1312	1	0.04328173948
1313	1	0.04322459744
1314	1	0.04311487559
1315	1	0.04308327913
1316	1	0.04304389655
1317	1	0.04296017654
1318	1	0.04292451198
1319	1	0.04286097871
1320	1	0.04282274142
1321	1	0.04280922443
1322	1	0.04277277647
1323	1	0.04269027187
1324	1	0.04264334625
1325	1	0.04256497544
1326	1	0.04250867931
1327	1	0.04249591155
1328	1	0.04247141725
1329	1	0.04241360188
1330	1	0.04240382729
1331	1	0.04236056616
1332	1	0.04227660131
1333	1	0.04226646175
1334	1	0.04221895718
1335	1	0.04219489301
1336	1	0.04217343365
1337	1	0.04212636936
1338	1	0.04204721237
1339	1	0.0420064025
1340	1	0.04194366683
1341	1	0.04184749108
1342	1	0.04180032744
1343	1	0.04178109541
1344	1	0.04168322657
1345	1	0.04160511864
1346	1	0.04155833042
1347	1	0.04148423653
1348	1	0.04145929516
1349	1	0.04141407158
1350	1	0.04137610216
1351	1	0.04136597615
1352	1	0.04130495508
1353	1	0.0412569194
1354	1	0.04124891454
1355	1	0.04122841059
1356	1	0.04121300431
1357	1	0.04118928028
1358	1	0.04117742004
1359	1	0.04116257244
1360	1	0.04113530903
1361	1	0.04109823952
1362	1	0.0410623324
1363	1	0.04101284791
1364	1	0.04093256155
1365	1	0.04085425622
1366	1	0.04084503055
1367	1	0.04083002321
1368	1	0.04078267982
1369	1	0.040709721
1370	1	0.04063412938
1371	1	0.04057573062
1372	1	0.04053094056
1373	1	0.04048390365
1374	1	0.0404680443
1375	1	0.04044226503
1376	1	0.04035215132
1377	1	0.04031447274
1378	1	0.0402626264
1379	1	0.04023766957
1380	1	0.04018756324
1381	1	0.04010827309
1382	1	0.04005098308
1383	1	0.04002034911
1384	1	0.03994337349
1385	1	0.03989739772
1386	1	0.03984948153
1387	1	0.03983065454
1388	1	0.03975227901
1389	1	0.03970613709
1390	1	0.03967242061
1391	1	0.03962514003
1392	1	0.03960414214
1393	1	0.03956954753
1394	1	0.03952359256
1395	1	0.03947582593
1396	1	0.03946361508
1397	1	0.03943097281
1398	1	0.03937945048
1399	1	0.03935056653
1400	1	0.03929604366
1401	1	0.03926706021
1402	1	0.03923875895
1403	1	0.03921319301
1404	1	0.03917420574
1405	1	0.03913720216
1406	1	0.03912516102
1407	1	0.03910945063
1408	1	0.03910558445
1409	1	0.03907451514
1410	1	0.03906393312
1411	1	0.03905305698
1412	1	0.03899957297
1413	1	0.03897502158
1414	1	0.03894752149
1415	1	0.03884328309
1416	1	0.0387686375
1417	1	0.03872890428
1418	1	0.03872366117
1419	1	0.03862579766
1420	1	0.03862228142
1421	1	0.03859205604
1422	1	0.03855326343
1423	1	0.03849996992
1424	1	0.0384948608
1425	1	0.03847080565
1426	1	0.03840863173
1427	1	0.03832181003
1428	1	0.03830026729
1429	1	0.03826072695
1430	1	0.03822529727
1431	1	0.03818144475
1432	1	0.03812121298
1433	1	0.03810042857
1434	1	0.0380750811
1435	1	0.03804336304
1436	1	0.03799694345
1437	1	0.03797665422
1438	1	0.03796880388
1439	1	0.03791310277
1440	1	0.03786678729
1441	1	0.03781374204
1442	1	0.03773585692
1443	1	0.03771478141
1444	1	0.03770200436
1445	1	0.03766948321
1446	1	0.03765909605
1447	1	0.03762122041
1448	1	0.03760913555
1449	1	0.03757419896
1450	1	0.03753522732
1451	1	0.03751347208
1452	1	0.03749201941
1453	1	0.03747696815
1454	1	0.03744809558
1455	1	0.0374258344
1456	1	0.03740273122
1457	1	0.03734895878
1458	1	0.03732825239
1459	1	0.03730087913
1460	1	0.03726745353
1461	1	0.0372354545
1462	1	0.03720340195
1463	1	0.03719342207
1464	1	0.03717621202
1465	1	0.03715753298
1466	1	0.03715455543
1467	1	0.03713222788
1468	1	0.03712269783
1469	1	0.03711364973
1470	1	0.03710200629
1471	1	0.03708034065
1472	1	0.03707194409
1473	1	0.03702649665
1474	1	0.03701156445
1475	1	0.0369359146
1476	1	0.03690973423
1477	1	0.03690236774
1478	1	0.03687578145
1479	1	0.03683562323
1480	1	0.03677928411
1481	1	0.03671704436
1482	1	0.0367088293
1483	1	0.03670110232
1484	1	0.03662383753
1485	1	0.03660450129
1486	1	0.03655473847
1487	1	0.0365221883
1488	1	0.03651787073
1489	1	0.03647158867
1490	1	0.03644356954
1491	1	0.03640106928
1492	1	0.03634494785
1493	1	0.03631540786
1494	1	0.03625391061
1495	1	0.03622184208
1496	1	0.03618576949
1497	1	0.03612649245
1498	1	0.03605551875
1499	1	0.03604730099
